The material consts of fiber  is:  379.200,    0.210
The material consts of matrix is:   68.900,    0.330
The volume fraction of fiber  is:    0.267

Succeed in reading mesh info from Gmsh file!
Total number of nodes is 164
Total number of  Dofs is 492
Total number of elems is 522

Succeed in creating Pairs from GMSH Periodic info!
Total number of Pairs: 78
X direction Pairs: total number is 30
Slave nodes   Master nodes 
7 	 	 4
11 	 	 20
12 	 	 21
13 	 	 22
14 	 	 23
15 	 	 24
16 	 	 25
89 	 	 90
1 	 	 2
8 	 	 3
9 	 	 5
10 	 	 6
41 	 	 26
42 	 	 27
43 	 	 28
50 	 	 29
51 	 	 30
52 	 	 31
56 	 	 32
57 	 	 33
58 	 	 34
59 	 	 35
60 	 	 36
61 	 	 37
157 	 	 91
158 	 	 92
159 	 	 93
160 	 	 94
161 	 	 95
162 	 	 96
Y direction Pairs: total number is 26
Slave nodes   Master nodes 
6 	 	 4
5 	 	 3
35 	 	 26
36 	 	 27
37 	 	 28
47 	 	 44
48 	 	 45
49 	 	 46
53 	 	 38
54 	 	 39
55 	 	 40
142 	 	 97
143 	 	 98
144 	 	 99
145 	 	 100
146 	 	 101
147 	 	 102
148 	 	 103
149 	 	 104
150 	 	 105
151 	 	 106
152 	 	 107
153 	 	 108
154 	 	 109
155 	 	 110
156 	 	 111
Z direction Pairs: total number is 22
Slave nodes   Master nodes 
3 	 	 4
29 	 	 32
30 	 	 33
31 	 	 34
44 	 	 38
45 	 	 39
46 	 	 40
112 	 	 127
113 	 	 128
114 	 	 129
115 	 	 130
116 	 	 131
117 	 	 132
118 	 	 133
119 	 	 134
120 	 	 135
121 	 	 136
122 	 	 137
123 	 	 138
124 	 	 139
125 	 	 140
126 	 	 141

Result from average strain field method with linear displacement condition:
The Homogenilised material matrix is:
  1.78957262E+02    5.93060920E+01    5.93939285E+01    0.00000000E+00    1.20493862E-02    1.53495039E-02
  5.93060920E+01    1.49621400E+02    5.81473930E+01    0.00000000E+00    7.28642690E-03    5.82761540E-02
  5.93939285E+01    5.81473930E+01    1.50142971E+02    0.00000000E+00    5.82764911E-03    3.86649498E-02
  0.00000000E+00    0.00000000E+00    0.00000000E+00    4.46981450E+01    4.56737922E-02    3.36214740E-02
  1.20493862E-02    7.28642690E-03    5.82764911E-03    4.56737922E-02    4.89403898E+01    0.00000000E+00
  1.53495039E-02    5.82761540E-02    3.86649498E-02    3.36214740E-02    0.00000000E+00    4.87884761E+01
The eigneering constants are(calculated from material matrix):
E1   =   1.45092595E+02;  E2   =   1.18624202E+02;  E3   =   1.19047109E+02;
nu12 =   2.85628809E-01;  nu13 =   2.84964166E-01;  nu23 =   2.94902230E-01;
mu12 =   4.87884251E+01;  mu13 =   4.89403422E+01;  mu23 =   4.46980792E+01;

Result from average strain field method with periodic boundary condition:
The Homogenilised material matrix is:
  1.78184400E+02    5.69737499E+01    5.69886410E+01    0.00000000E+00    5.09915490E-03    5.52434660E-03
  5.69737499E+01    1.36692194E+02    5.67687985E+01    9.24774137E-03    4.36900388E-03    4.93554411E-02
  5.69886410E+01    5.67687985E+01    1.36775193E+02    0.00000000E+00    4.21276319E-02    0.00000000E+00
  0.00000000E+00    9.24774137E-03    0.00000000E+00    3.54206224E+01    2.90636594E-02    2.11503559E-02
  5.09915490E-03    4.36900388E-03    4.21276319E-02    2.90636594E-02    3.86856656E+01    0.00000000E+00
  5.52434660E-03    4.93554411E-02    0.00000000E+00    2.11503559E-02    0.00000000E+00    3.85666918E+01
The eigneering constants are(calculated from material matrix):
E1   =   1.44625586E+02;  E2   =   1.05941196E+02;  E3   =   1.06006915E+02;
nu12 =   2.94532479E-01;  nu13 =   2.94413003E-01;  nu23 =   3.25157284E-01;
mu12 =   3.85666571E+01;  mu13 =   3.86856268E+01;  mu23 =   3.54205882E+01;

Result from asymtotic unit cell method with periodic boundary condition:
The Homogenilised material matrix is:
  1.85974428E+02    5.84893746E+01    5.85042656E+01    0.00000000E+00    5.09915490E-03    5.52434660E-03
  5.84893746E+01    1.44482221E+02    5.82844231E+01    9.24774137E-03    4.36900388E-03    4.93554411E-02
  5.85042656E+01    5.82844231E+01    1.44565221E+02    0.00000000E+00    4.21276319E-02    0.00000000E+00
  0.00000000E+00    9.24774137E-03    0.00000000E+00    3.85578237E+01    2.90636594E-02    2.11503559E-02
  5.09915490E-03    4.36900388E-03    4.21276319E-02    2.90636594E-02    4.18228670E+01    0.00000000E+00
  5.52434660E-03    4.93554411E-02    0.00000000E+00    2.11503559E-02    0.00000000E+00    4.17038932E+01
The eigneering constants are(calculated from material matrix):
E1   =   1.52229448E+02;  E2   =   1.13477902E+02;  E3   =   1.13544186E+02;
nu12 =   2.88486820E-01;  nu13 =   2.88381853E-01;  nu23 =   3.16141844E-01;
mu12 =   4.17038609E+01;  mu13 =   4.18228310E+01;  mu23 =   3.85577921E+01;

